Numero de vertices: 20
Numero de arestas: 33

Matriz de Adjacencia:
{0, 0, 0, 0, 0, 0, 0, 0, 0, 0, 0, 0, 0, 0, 0, 0, 0, 0, 14, 0, 
0, 0, 0, 0, 0, 0, 0, 0, 0, 0, 0, 0, 0, 0, 0, 0, 0, 0, 0, 0, 
0, 0, 0, 0, 0, 0, 0, 11, 0, 0, 17, 0, 0, 0, 0, 0, 0, 0, 0, 0, 
0, 0, 0, 0, 0, 14, 0, 0, 0, 0, 0, 0, 0, 0, 0, 0, 0, 0, 0, 0, 
0, 0, 0, 0, 0, 0, 19, 0, 0, 0, 0, 0, 0, 0, 0, 0, 0, 0, 0, 0, 
0, 0, 0, 0, 0, 0, 0, 0, 0, 18, 0, 0, 0, 0, 0, 9, 0, 0, 0, 0, 
0, 0, 0, 0, 0, 3, 0, 0, 0, 0, 0, 0, 0, 0, 0, 0, 0, 0, 4, 0, 
0, 0, 0, 0, 0, 0, 0, 0, 0, 0, 0, 0, 7, 0, 0, 0, 0, 0, 0, 0, 
0, 0, 0, 0, 0, 0, 0, 0, 0, 0, 0, 0, 0, 0, 20, 0, 0, 0, 0, 0, 
0, 0, 0, 0, 2, 0, 0, 0, 0, 0, 0, 0, 9, 0, 20, 0, 0, 0, 0, 0, 
0, 0, 0, 0, 0, 0, 0, 0, 0, 16, 0, 0, 0, 0, 0, 0, 0, 0, 0, 0, 
0, 0, 0, 0, 0, 0, 0, 0, 0, 0, 0, 0, 0, 2, 0, 0, 0, 0, 0, 18, 
0, 0, 0, 0, 0, 0, 13, 0, 0, 0, 0, 0, 0, 0, 0, 0, 0, 0, 0, 0, 
0, 0, 0, 4, 0, 0, 0, 0, 0, 0, 0, 0, 0, 0, 11, 0, 0, 0, 0, 3, 
0, 0, 0, 0, 0, 0, 0, 0, 0, 0, 0, 7, 0, 0, 0, 0, 0, 0, 0, 0, 
0, 0, 0, 0, 18, 0, 0, 0, 0, 0, 0, 0, 0, 0, 0, 0, 0, 0, 0, 0, 
0, 0, 0, 0, 0, 0, 0, 0, 0, 0, 0, 0, 0, 0, 0, 0, 0, 0, 0, 20, 
0, 0, 0, 0, 0, 0, 0, 0, 0, 0, 9, 0, 9, 0, 0, 0, 20, 0, 0, 0, 
0, 0, 0, 7, 0, 0, 0, 0, 0, 0, 0, 0, 0, 0, 0, 0, 2, 0, 0, 0, 
0, 14, 0, 0, 0, 0, 0, 0, 0, 9, 0, 0, 0, 0, 0, 0, 0, 0, 0, 0, }

Fim da impressao da matriz do grafo.

Lista de arestas com suas respectivas distancias:
[0,18]= 14 

[2,7]= 11 [2,10]= 17 
[3,5]= 14 
[4,6]= 19 
[5,9]= 18 [5,15]= 9 
[6,5]= 3 [6,18]= 4 
[7,12]= 7 
[8,14]= 20 
[9,4]= 2 [9,12]= 9 [9,14]= 20 
[10,9]= 16 
[11,13]= 2 [11,19]= 18 
[12,6]= 13 
[13,3]= 4 [13,14]= 11 [13,19]= 3 
[14,11]= 7 
[15,4]= 18 
[16,19]= 20 
[17,10]= 9 [17,12]= 9 [17,16]= 20 
[18,3]= 7 [18,16]= 2 
[19,1]= 14 [19,9]= 9 